date	time	Label	Exp	Lin	Vcham	Offset	Area	Vtotal	Tcham	H2O	Pres	IVCO2	dCdry.dt	Round	coef_V	coef_S	flux_default	flux_corrected
5/02/2018	8:49:15	610	0.31	0.31	835.2	3	83.7	1105.3	21.85	13.589	100.2	398.82	0.058	Round1	1.268541474	1.042378087	0.308640049	0.37560527
5/02/2018	8:51:37	610	0.31	0.31	835.2	3	83.7	1105.3	21.96	13.906	100.21	399.99	0.058	Round1	1.268541474	1.042378087	0.308456638	0.375382064
5/02/2018	8:54:01	610	0.31	0.3	835.2	3	83.7	1105.3	21.68	13.594	100.21	396.72	0.058	Round1	1.268541474	1.042378087	0.308847267	0.375857448
5/02/2018	8:57:56	612	0.51	0.39	835.2	3	83.7	1105.3	21.73	13.795	100.19	397.59	0.096	Round1	1.147001855	0.249897589	0.510902663	2.344985816
5/02/2018	9:00:18	612	0.51	0.37	835.2	3	83.7	1105.3	21.8	13.755	100.2	395.09	0.096	Round1	1.147001855	0.249897589	0.510853111	2.344758381
5/02/2018	9:02:40	612	0.34	0.34	835.2	3	83.7	1105.3	21.6	13.864	100.2	396	0.064	Round1	1.147001855	0.249897589	0.340762165	NA
5/02/2018	9:06:30	614	0.51	0.4	835.2	3	83.7	1105.3	21.31	14.001	100.2	393.8	0.095	Round1	1.092296222	0.295424135	0.506246656	1.871787862
5/02/2018	9:08:52	614	0.38	0.38	835.2	3	83.7	1105.3	21.26	13.795	100.21	393.27	0.072	Round1	1.092296222	0.295424135	0.383865318	1.419297162
5/02/2018	9:11:16	614	0.49	0.4	835.2	3	83.7	1105.3	21.1	13.867	100.22	392.34	0.092	Round1	1.092296222	0.295424135	0.490774423	1.814581085
5/02/2018	9:35:49	501	0.96	0.96	835.2	3	83.7	1105.3	23.43	14.313	100.14	502.16	0.182	Round1	1.131542215	0.250086945	0.962048169	4.352878618
5/02/2018	9:38:02	501	18.65	1.34	835.2	3	83.7	1105.3	23.42	13.732	100.16	505.47	3.525	Round1	1.131542215	0.250086945	18.64841119	NA
5/02/2018	9:40:16	501	0.57	0.57	835.2	3	83.7	1105.3	23.29	13.452	100.16	586.47	0.107	Round1	1.131542215	0.250086945	0.566474264	2.563066789
5/02/2018	9:44:19	505	0.51	0.43	835.2	3	83.7	1105.3	23.43	12.974	100.16	431.97	0.097	Round1	1.126595083	0.250366095	0.51353903	2.310818268
5/02/2018	9:46:31	505	3.89	0.53	835.2	3	83.7	1105.3	24.16	13.054	100.17	538.42	0.737	Round1	1.126595083	0.250366095	3.892330507	NA
5/02/2018	9:48:44	505	1.74	0.57	835.2	3	83.7	1105.3	24.36	13.481	100.18	401.02	0.33	Round1	1.126595083	0.250366095	1.74108321	NA
5/02/2018	9:52:56	511	17.1	0.33	835.2	3	83.7	1105.3	24.12	13.787	100.14	524.29	3.24	Round1	1.128317672	0.250359467	17.0959371	NA
5/02/2018	9:55:10	511	0.37	0.37	835.2	3	83.7	1105.3	24.17	13.578	100.15	435.12	0.071	Round1	1.128317672	0.250359467	0.37468698	1.688635729
5/02/2018	9:57:23	511	0	-4.21	835.2	3	83.7	1105.3	24.28	14.082	100.15	1889.16	0	Round1	1.128317672	0.250359467	0	NA
5/02/2018	10:04:45	311	0.77	0.77	835.2	3	83.7	1105.3	24.08	13.091	100.11	388.09	0.146	Round1	1.091496826	0.108708925	0.770788913	7.739140576
5/02/2018	10:06:59	311	0.58	0.58	835.2	3	83.7	1105.3	24.02	12.369	100.14	388.08	0.109	Round1	1.091496826	0.108708925	0.576161863	5.784978965
5/02/2018	10:09:13	311	0.68	0.57	835.2	3	83.7	1105.3	23.96	12.573	100.15	385.94	0.129	Round1	1.091496826	0.108708925	0.681944557	6.847094835
5/02/2018	10:12:51	320	0.85	0.64	835.2	3	83.7	1105.3	24.12	12.606	100.14	387.35	0.16	Round1	1.098924462	0.295844874	0.845254798	3.139723739
5/02/2018	10:15:05	320	0.79	0.68	835.2	3	83.7	1105.3	24.38	12.932	100.15	387.95	0.15	Round1	1.098924462	0.295844874	0.791551538	2.940241406
5/02/2018	10:17:17	320	0.72	0.66	835.2	3	83.7	1105.3	24.73	12.988	100.16	388.34	0.137	Round1	1.098924462	0.295844874	0.72213209	2.682380831
5/02/2018	10:20:45	321	0.76	0.39	835.2	3	83.7	1105.3	25.37	13.092	100.14	387.53	0.144	Round1	1.143673612	0.295971231	0.757171031	NA
5/02/2018	10:22:57	321	0.4	0.35	835.2	3	83.7	1105.3	25.9	12.983	100.15	387.61	0.076	Round1	1.143673612	0.295971231	0.398993707	1.541766653
5/02/2018	10:25:09	321	0.5	0.36	835.2	3	83.7	1105.3	26.18	12.327	100.15	385.09	0.095	Round1	1.143673612	0.295971231	0.498606768	1.926685243
5/02/2018	10:34:15	202	0.19	0.13	835.2	3	83.7	1105.3	26.56	12.701	100.11	385.95	0.036	Round1	1.082168402	0.108754297	0.188559362	1.876275135
5/02/2018	10:36:27	202	0.16	0.14	835.2	3	83.7	1105.3	26.25	11.901	100.14	385.11	0.03	Round1	1.082168402	0.108754297	0.157470128	1.566919204
5/02/2018	10:38:39	202	0.2	0.12	835.2	3	83.7	1105.3	26.43	12.012	100.14	384.48	0.038	Round1	1.082168402	0.108754297	0.199319923	1.983348968
5/02/2018	10:42:17	207	0.39	0.29	835.2	3	83.7	1105.3	26.71	12.329	100.13	384.9	0.075	Round1	1.132609787	0.250060612	0.392861906	1.779405545
5/02/2018	10:44:29	207	0.39	0.34	835.2	3	83.7	1105.3	26.97	12.235	100.15	385	0.074	Round1	1.132609787	0.250060612	0.387402165	1.754676516
5/02/2018	10:46:41	207	0.65	0.31	835.2	3	83.7	1105.3	26.65	11.921	100.14	403.84	0.123	Round1	1.132609787	0.250060612	0.644753062	NA
5/02/2018	10:50:07	214	0.52	0.36	835.2	3	83.7	1105.3	26.13	11.843	100.12	386.4	0.099	Round1	1.118511897	0.250696463	0.519786464	2.319088739
5/02/2018	10:52:19	214	0.24	0.24	835.2	3	83.7	1105.3	26.47	11.994	100.13	395.08	0.046	Round1	1.118511897	0.250696463	0.241230104	1.076276618
5/02/2018	10:54:33	214	0.41	0.35	835.2	3	83.7	1105.3	26.67	11.88	100.13	384.27	0.078	Round1	1.118511897	0.250696463	0.408816657	1.823983831
5/02/2018	11:02:05	103	0.13	0.13	835.2	3	83.7	1105.3	26.22	12.395	100.1	390.07	0.025	Round1	1.088783141	0.296305551	0.131120248	0.481805067
5/02/2018	11:04:17	103	0.13	0.13	835.2	3	83.7	1105.3	25.79	12.024	100.11	391.09	0.025	Round1	1.088783141	0.296305551	0.131371303	0.482727576
5/02/2018	11:06:29	103	0.08	0.08	835.2	3	83.7	1105.3	25.82	12.24	100.11	388.16	0.015	Round1	1.088783141	0.296305551	0.078797641	0.289544166
5/02/2018	11:10:09	111	3.19	0.69	835.2	3	83.7	1105.3	25.85	12.159	100.07	395.54	0.608	Round1	1.090931919	0.295363402	3.192596347	NA
5/02/2018	11:12:23	111	36.55	2.46	835.2	3	83.7	1105.3	26.35	11.994	100.1	594.43	6.969	Round1	1.090931919	0.295363402	36.55004967	NA
5/02/2018	11:14:36	111	18.27	1.43	835.2	3	83.7	1105.3	26.59	11.988	100.09	422.92	3.486	Round1	1.090931919	0.295363402	18.26653875	NA
5/02/2018	11:18:15	119	1.91	0.82	835.2	3	83.7	1105.3	26.64	12.303	100.07	401.73	0.365	Round1	1.242602657	1.036386336	1.911278749	NA
5/02/2018	11:20:28	119	0.83	0.61	835.2	3	83.7	1105.3	26.89	12.444	100.08	397.37	0.158	Round1	1.242602657	1.036386336	0.826623282	0.991101726
5/02/2018	11:22:40	119	0.7	0.7	835.2	3	83.7	1105.3	26.68	12.26	100.07	397.35	0.134	Round1	1.242602657	1.036386336	0.701611872	0.841216008
5/02/2018	11:58:21	501	1.17	1.14	835.2	3	83.7	1105.3	29.4	11.779	100.04	422.34	0.226	Round2	1.131542215	0.250086945	1.172896574	5.306882321
5/02/2018	12:00:48	501	0.97	0.97	835.2	3	83.7	1105.3	29.55	11.646	100.04	393.59	0.188	Round2	1.131542215	0.250086945	0.975331633	4.412980917
5/02/2018	12:03:17	501	0.96	0.96	835.2	3	83.7	1105.3	29.6	11.183	100.04	416.31	0.186	Round2	1.131542215	0.250086945	0.965248363	4.367358205
5/02/2018	12:08:26	505	0.47	0.39	835.2	3	83.7	1105.3	29.08	10.125	100.03	386.85	0.09	Round2	1.126595083	0.250366095	0.468313025	2.107310704
5/02/2018	12:10:53	505	0.43	0.4	835.2	3	83.7	1105.3	29.51	10.433	100.04	413.62	0.083	Round2	1.126595083	0.250366095	0.431183989	1.940237802
5/02/2018	12:13:20	505	0.42	0.42	835.2	3	83.7	1105.3	29.11	10.341	100.03	387.36	0.081	Round2	1.126595083	0.250366095	0.421347928	1.895977583
5/02/2018	12:17:20	511	0.27	0.23	835.2	3	83.7	1105.3	29.32	9.32	100.01	388.12	0.051	Round2	1.128317672	0.250359467	0.265329395	1.195784001
5/02/2018	12:19:48	511	0.24	0.24	835.2	3	83.7	1105.3	29.74	9.593	100.02	401.7	0.046	Round2	1.128317672	0.250359467	0.238942895	1.076865576
5/02/2018	12:22:17	511	0.35	0.26	835.2	3	83.7	1105.3	30.15	10.074	100.03	388.81	0.067	Round2	1.128317672	0.250359467	0.347421	1.56575367
5/02/2018	12:30:31	311	1.58	0.85	835.2	3	83.7	1105.3	29.59	10.773	99.99	386.28	0.304	Round2	1.091496826	0.108708925	1.577527654	15.839237
5/02/2018	12:33:00	311	0.91	0.77	835.2	3	83.7	1105.3	29.84	11.081	100	386.68	0.175	Round2	1.091496826	0.108708925	0.907175157	9.108532763
5/02/2018	12:35:27	311	0.97	0.92	835.2	3	83.7	1105.3	29.77	10.88	100	385.63	0.187	Round2	1.091496826	0.108708925	0.969802537	9.737345771
5/02/2018	12:38:51	320	0.72	0.72	835.2	3	83.7	1105.3	30.18	10.365	99.99	385.9	0.139	Round2	1.098924462	0.295844874	0.72019769	2.675195444
5/02/2018	12:41:20	320	0.81	0.72	835.2	3	83.7	1105.3	30.56	10.844	100	387.73	0.157	Round2	1.098924462	0.295844874	0.812130881	3.016683977
5/02/2018	12:43:47	320	0.76	0.76	835.2	3	83.7	1105.3	30.75	10.516	99.99	386.2	0.147	Round2	1.098924462	0.295844874	0.760103362	2.823426232
5/02/2018	12:47:14	321	0.44	0.38	835.2	3	83.7	1105.3	31.1	10.443	99.97	390.19	0.084	Round2	1.143673612	0.295971231	0.433790344	1.676225652
5/02/2018	12:49:41	321	0.39	0.39	835.2	3	83.7	1105.3	30.66	9.032	99.97	386.07	0.076	Round2	1.143673612	0.295971231	0.393605832	1.52094716
5/02/2018	12:52:10	321	0.49	0.4	835.2	3	83.7	1105.3	30.53	9.452	99.97	385.46	0.095	Round2	1.143673612	0.295971231	0.492009294	1.901191694
5/02/2018	13:22:33	417	0.85	0.85	835.2	3	83.7	1105.3	31.38	10.069	99.92	574.8	0.166	Round1	1.113145326	0.250434905	0.856359322	3.806387838
5/02/2018	13:25:02	417	0.87	0.78	835.2	3	83.7	1105.3	31.11	10.1	99.92	579.26	0.168	Round1	1.113145326	0.250434905	0.867418828	3.855545672
5/02/2018	13:27:29	417	0.81	0.81	835.2	3	83.7	1105.3	31.33	10.048	99.91	397.46	0.158	Round1	1.113145326	0.250434905	0.815158547	3.623256617
5/02/2018	13:30:50	413	1.06	0.87	835.2	3	83.7	1105.3	31.34	10.065	99.9	394.82	0.205	Round1	1.137966276	0.296951056	1.057483668	4.052454864
5/02/2018	13:33:18	413	0.78	0.7	835.2	3	83.7	1105.3	31.27	9.814	99.89	450.28	0.151	Round1	1.137966276	0.296951056	0.779225641	2.986123411
5/02/2018	13:35:46	413	0.74	0.68	835.2	3	83.7	1105.3	31.31	9.676	99.89	404.62	0.144	Round1	1.137966276	0.296951056	0.74310852	2.847716543
5/02/2018	13:39:49	414	0.37	0.37	835.2	3	83.7	1105.3	32.46	10.355	99.9	546.44	0.071	Round1	1.127066239	0.25101495	0.364801307	1.637971111
5/02/2018	13:42:18	414	0.35	0.35	835.2	3	83.7	1105.3	32.42	9.671	99.89	610.79	0.068	Round1	1.127066239	0.25101495	0.349639413	NA
5/02/2018	13:44:45	414	0.71	0.57	835.2	3	83.7	1105.3	32.78	9.559	99.89	469.13	0.139	Round1	1.127066239	0.25101495	0.713943807	3.205633615
5/02/2018	13:53:30	610	0.33	0.27	835.2	3	83.7	1105.3	31.17	9.526	99.87	416.6	0.063	Round2	1.268541474	1.042378087	0.325243674	0.395811361
5/02/2018	13:55:58	610	0.36	0.29	835.2	3	83.7	1105.3	31.27	8.912	99.89	390.31	0.069	Round2	1.268541474	1.042378087	0.356394353	0.433720762
5/02/2018	13:58:25	610	0.33	0.29	835.2	3	83.7	1105.3	31.06	9.144	99.89	386.22	0.063	Round2	1.268541474	1.042378087	0.325551945	0.396186517
5/02/2018	14:02:15	612	0.48	0.45	835.2	3	83.7	1105.3	31.22	9.387	99.85	386	0.093	Round2	1.147001855	0.249897589	0.480013963	2.203210156
5/02/2018	14:04:43	612	0.46	0.46	835.2	3	83.7	1105.3	31.18	9.422	99.86	386.34	0.089	Round2	1.147001855	0.249897589	0.459458357	2.108862232
5/02/2018	14:07:12	612	0.46	0.46	835.2	3	83.7	1105.3	31.23	9.103	99.86	385.72	0.089	Round2	1.147001855	0.249897589	0.459530819	2.109194827
5/02/2018	14:12:52	614	0.62	0.62	835.2	3	83.7	1105.3	30.98	8.539	99.84	386.01	0.12	Round2	1.092296222	0.295424135	0.620330116	2.293598126
5/02/2018	14:15:22	614	0.67	0.63	835.2	3	83.7	1105.3	31.37	8.804	99.84	387.54	0.129	Round2	1.092296222	0.295424135	0.665822821	2.461802086
5/02/2018	14:17:50	614	0.68	0.64	835.2	3	83.7	1105.3	31.44	8.464	99.84	390.84	0.131	Round2	1.092296222	0.295424135	0.676222144	2.500252367
5/02/2018	14:24:16	202	0.14	0.13	835.2	3	83.7	1105.3	31.36	7.722	99.83	385.92	0.027	Round2	1.082168402	0.108754297	0.139500997	1.388115924
5/02/2018	14:26:44	202	0.13	0.11	835.2	3	83.7	1105.3	31.5	7.99	99.84	387	0.025	Round2	1.082168402	0.108754297	0.129086291	1.284483549
5/02/2018	14:29:12	202	0.19	0.15	835.2	3	83.7	1105.3	31.49	7.915	99.82	394.97	0.036	Round2	1.082168402	0.108754297	0.185867175	1.849486308
5/02/2018	14:32:51	207	0.44	0.31	835.2	3	83.7	1105.3	31.45	7.75	99.81	387.03	0.085	Round2	1.132609787	0.250060612	0.438939702	1.988107595
5/02/2018	14:35:19	207	0.36	0.36	835.2	3	83.7	1105.3	31.73	7.72	99.81	386.78	0.071	Round2	1.132609787	0.250060612	0.366318102	1.659179607
5/02/2018	14:37:48	207	0.51	0.41	835.2	3	83.7	1105.3	32.1	7.73	99.8	386.75	0.099	Round2	1.132609787	0.250060612	0.510106196	2.310444917
5/02/2018	14:41:18	214	0.42	0.36	835.2	3	83.7	1105.3	31.51	7.495	99.79	387.12	0.082	Round2	1.118511897	0.250696463	0.423388263	1.888996772
5/02/2018	14:43:45	214	0.38	0.38	835.2	3	83.7	1105.3	31.77	7.829	99.8	387.33	0.073	Round2	1.118511897	0.250696463	0.37650842	1.679836814
5/02/2018	14:46:12	214	0.38	0.38	835.2	3	83.7	1105.3	31.75	7.962	99.78	386.23	0.073	Round2	1.118511897	0.250696463	0.376407196	1.679385189
5/02/2018	14:56:38	414	0.38	0.33	835.2	3	83.7	1105.3	32.72	8.341	99.75	446.16	0.075	Round2	1.127066239	0.25101495	0.385230192	1.729697546
5/02/2018	14:59:06	414	0.42	0.33	835.2	3	83.7	1105.3	32.81	8.354	99.75	468.52	0.083	Round2	1.127066239	0.25101495	0.42619042	1.913610458
5/02/2018	15:01:33	414	0.04	0.04	835.2	3	83.7	1105.3	32.76	8.655	99.76	625.17	0.008	Round2	1.127066239	0.25101495	0.041076956	NA
5/02/2018	15:05:20	413	0.46	0.46	835.2	3	83.7	1105.3	32.97	9.083	99.76	526.05	0.089	Round2	1.137966276	0.296951056	0.456470479	1.749271472
5/02/2018	15:07:49	413	0.88	0.48	835.2	3	83.7	1105.3	33.44	8.767	99.76	535.49	0.172	Round2	1.137966276	0.296951056	0.8810962	3.376508489
5/02/2018	15:10:17	413	0.78	0.36	835.2	3	83.7	1105.3	33.29	8.783	99.75	703.1	0.152	Round2	1.137966276	0.296951056	0.77893363	NA
5/02/2018	15:13:53	417	0.99	0.85	835.2	3	83.7	1105.3	32.78	8.814	99.74	453.97	0.194	Round2	1.113145326	0.250434905	0.995691639	4.425698944
5/02/2018	15:16:20	417	0.91	0.89	835.2	3	83.7	1105.3	33.58	9.076	99.73	391.19	0.178	Round2	1.113145326	0.250434905	0.910857813	4.0486254
5/02/2018	15:18:48	417	0.82	0.81	835.2	3	83.7	1105.3	33.74	8.954	99.73	422.72	0.161	Round2	1.113145326	0.250434905	0.823537624	3.660500348
5/02/2018	15:30:24	103	0.15	0.15	835.2	3	83.7	1105.3	32.95	8.851	99.7	391.94	0.028	Round2	1.088783141	0.296305551	0.1435653	0.52753476
5/02/2018	15:32:53	103	0.22	0.16	835.2	3	83.7	1105.3	33.19	9.107	99.71	388.85	0.044	Round2	1.088783141	0.296305551	0.225390247	0.828202847
5/02/2018	15:35:22	103	0.18	0.11	835.2	3	83.7	1105.3	33.15	8.926	99.72	417	0.035	Round2	1.088783141	0.296305551	0.17936185	0.659070198
5/02/2018	15:39:10	111	0.75	0.69	835.2	3	83.7	1105.3	32.78	9.029	99.7	396.73	0.147	Round2	1.090931919	0.295363402	0.754001215	2.784921853
5/02/2018	15:41:38	111	0.69	0.69	835.2	3	83.7	1105.3	32.64	8.904	99.69	388.32	0.134	Round2	1.090931919	0.295363402	0.687653271	2.539864103
5/02/2018	15:44:07	111	0.69	0.69	835.2	3	83.7	1105.3	32.49	8.88	99.69	395.2	0.135	Round2	1.090931919	0.295363402	0.693141796	2.560136107
5/02/2018	15:48:29	119	1.17	0.74	835.2	3	83.7	1105.3	32.56	8.841	99.67	439.28	0.227	Round2	1.242602657	1.036386336	1.165050293	1.396867692
5/02/2018	15:50:56	119	1.59	0.77	835.2	3	83.7	1105.3	32.94	9.283	99.68	453.9	0.31	Round2	1.242602657	1.036386336	1.588513358	1.904589872
5/02/2018	15:53:24	119	1.09	0.67	835.2	3	83.7	1105.3	33.11	9.158	99.69	460.13	0.213	Round2	1.242602657	1.036386336	1.091103635	1.308207402
6/02/2018	8:39:17	501	0.94	0.72	835.2	3	83.7	1105.3	21.31	14.326	100.02	424.36	0.177	Round3	1.131542215	0.250086945	0.941212712	4.258606608
6/02/2018	8:41:44	501	0.81	0.76	835.2	3	83.7	1105.3	21.35	14.541	100.03	577.42	0.151	Round3	1.131542215	0.250086945	0.802751547	3.632125875
6/02/2018	8:44:11	501	0.78	0.75	835.2	3	83.7	1105.3	21.23	14.365	100.05	465.78	0.146	Round3	1.131542215	0.250086945	0.776780722	3.514618402
6/02/2018	8:49:42	505	0.24	0.24	835.2	3	83.7	1105.3	21.39	14.217	100.02	765.13	0.045	Round3	1.126595083	0.250366095	0.239252828	NA
6/02/2018	8:52:09	505	0.45	0.45	835.2	3	83.7	1105.3	21.64	14.369	100.04	419.59	0.085	Round3	1.126595083	0.250366095	0.451559403	2.031922906
6/02/2018	8:54:38	505	0.39	0.39	835.2	3	83.7	1105.3	21.78	14.425	100.06	441.24	0.074	Round3	1.126595083	0.250366095	0.392991919	1.768381473
6/02/2018	8:58:32	511	-1.1	-0.1	835.2	3	83.7	1105.3	22.36	14.375	100.03	742.59	-0.208	Round3	1.128317672	0.250359467	-1.10218325	NA
6/02/2018	9:01:01	511	0.88	0.75	835.2	3	83.7	1105.3	22.2	14.279	100.04	546.25	0.167	Round3	1.128317672	0.250359467	0.885580127	3.991124119
6/02/2018	9:03:28	511	0.15	0.14	835.2	3	83.7	1105.3	22.23	14.353	100.06	641.04	0.028	Round3	1.128317672	0.250359467	0.148483953	NA
6/02/2018	9:10:47	414	0.23	0.23	835.2	3	83.7	1105.3	22.07	14.563	100.04	532.86	0.043	Round3	1.127066239	0.25101495	0.22805831	1.023990091
6/02/2018	9:13:15	414	0.47	0.47	835.2	3	83.7	1105.3	22.43	14.494	100.06	542.13	0.088	Round3	1.127066239	0.25101495	0.46628138	2.093620324
6/02/2018	9:15:44	414	1.62	0.33	835.2	3	83.7	1105.3	22.42	14.352	100.07	493.08	0.305	Round3	1.127066239	0.25101495	1.616537958	NA
6/02/2018	9:19:33	413	0.52	0.45	835.2	3	83.7	1105.3	22.65	14.633	100.05	433.89	0.097	Round3	1.137966276	0.296951056	0.513463226	1.967677244
6/02/2018	9:22:00	413	0.44	0.17	835.2	3	83.7	1105.3	22.88	14.88	100.05	818.62	0.084	Round3	1.137966276	0.296951056	0.444191726	NA
6/02/2018	9:24:27	413	0.54	0.49	835.2	3	83.7	1105.3	23.24	14.793	100.07	411.18	0.102	Round3	1.137966276	0.296951056	0.538875809	2.065062525
6/02/2018	9:28:06	417	0.57	0.57	835.2	3	83.7	1105.3	23.48	14.633	100.06	474.87	0.109	Round3	1.113145326	0.250434905	0.575427499	2.557688318
6/02/2018	9:30:35	417	0.56	0.56	835.2	3	83.7	1105.3	23.52	14.493	100.08	450.42	0.106	Round3	1.113145326	0.250434905	0.559705942	2.487808374
6/02/2018	9:33:04	417	0.73	0.62	835.2	3	83.7	1105.3	23.54	14.555	100.08	441.79	0.138	Round3	1.113145326	0.250434905	0.728578815	3.238422785
6/02/2018	9:43:22	103	-0.11	-0.11	835.2	3	83.7	1105.3	24.12	14.736	100.09	710.32	-0.021	Round3	1.088783141	0.296305551	-0.110645101	NA
6/02/2018	9:45:51	103	0.23	0.18	835.2	3	83.7	1105.3	24.18	14.477	100.09	399.29	0.044	Round3	1.088783141	0.296305551	0.231841978	0.851909916
6/02/2018	9:48:18	103	0.21	0.18	835.2	3	83.7	1105.3	24.15	14.493	100.11	398.89	0.04	Round3	1.088783141	0.296305551	0.210825399	0.774683901
6/02/2018	9:52:31	111	0.5	0.5	835.2	3	83.7	1105.3	24.22	14.469	100.08	440.05	0.095	Round3	1.090931919	0.295363402	0.500454632	1.848441371
6/02/2018	9:55:00	111	0.64	0.55	835.2	3	83.7	1105.3	24.22	14.437	100.09	403.4	0.122	Round3	1.090931919	0.295363402	0.642774193	2.374102139
6/02/2018	9:57:27	111	0.39	0.39	835.2	3	83.7	1105.3	24.14	14.314	100.1	640.29	0.074	Round3	1.090931919	0.295363402	0.390071983	NA
6/02/2018	10:01:22	119	1.22	1	835.2	3	83.7	1105.3	24.71	14.526	100.08	402.39	0.231	Round3	1.242602657	1.036386336	1.214822806	1.456543756
6/02/2018	10:03:49	119	1.14	1.14	835.2	3	83.7	1105.3	24.98	14.838	100.09	402.75	0.216	Round3	1.242602657	1.036386336	1.134663504	1.360434653
6/02/2018	10:06:18	119	0.5	0.49	835.2	3	83.7	1105.3	25.25	14.69	100.09	413.94	0.095	Round3	1.242602657	1.036386336	0.498665176	NA
6/02/2018	10:13:55	202	0.14	0.09	835.2	3	83.7	1105.3	25.6	14.583	100.08	394.39	0.027	Round3	1.082168402	0.108754297	0.141561081	1.408614955
6/02/2018	10:16:22	202	0.14	0.09	835.2	3	83.7	1105.3	26	14.629	100.09	393.71	0.027	Round3	1.082168402	0.108754297	0.141379323	1.406806352
6/02/2018	10:18:49	202	0.14	0.11	835.2	3	83.7	1105.3	26.49	14.634	100.1	394.24	0.027	Round3	1.082168402	0.108754297	0.141161512	1.404639004
6/02/2018	10:22:16	207	0.34	0.31	835.2	3	83.7	1105.3	26.56	14.612	100.09	390.31	0.066	Round3	1.132609787	0.250060612	0.344954118	1.562414838
6/02/2018	10:24:43	207	0.3	0.3	835.2	3	83.7	1105.3	27.08	14.953	100.12	390.72	0.058	Round3	1.132609787	0.250060612	0.302602405	1.370589484
6/02/2018	10:27:12	207	0.28	0.28	835.2	3	83.7	1105.3	26.98	14.581	100.11	389.51	0.053	Round3	1.132609787	0.250060612	0.276684945	1.25320047
6/02/2018	10:31:17	214	0.41	0.34	835.2	3	83.7	1105.3	26.74	14.66	100.11	393.82	0.078	Round3	1.118511897	0.250696463	0.407489917	1.818064424
6/02/2018	10:33:44	214	0.39	0.32	835.2	3	83.7	1105.3	26.77	14.509	100.1	391.91	0.074	Round3	1.118511897	0.250696463	0.386574948	1.724749817
6/02/2018	10:36:11	214	0.33	0.32	835.2	3	83.7	1105.3	26.72	14.549	100.12	390.99	0.064	Round3	1.118511897	0.250696463	0.334444073	1.492161757
6/02/2018	10:43:23	610	0.32	0.25	835.2	3	83.7	1105.3	26.88	14.382	100.09	395.8	0.061	Round3	1.268541474	1.042378087	0.318555526	0.387672094
6/02/2018	10:45:50	610	0.29	0.22	835.2	3	83.7	1105.3	27.04	14.755	100.11	392.95	0.055	Round3	1.268541474	1.042378087	0.287017808	0.34929168
6/02/2018	10:48:18	610	0.3	0.25	835.2	3	83.7	1105.3	27.06	14.388	100.12	389.14	0.058	Round3	1.268541474	1.042378087	0.302796141	0.368493417
6/02/2018	10:52:31	612	0.47	0.38	835.2	3	83.7	1105.3	26.89	14.023	100.1	399.43	0.089	Round3	1.147001855	0.249897589	0.464977979	2.13419668
6/02/2018	10:54:58	612	0.47	0.41	835.2	3	83.7	1105.3	27.04	14.158	100.11	390.27	0.09	Round3	1.147001855	0.249897589	0.469950094	2.157018127
6/02/2018	10:57:25	612	0.46	0.41	835.2	3	83.7	1105.3	26.95	13.786	100.11	389.78	0.088	Round3	1.147001855	0.249897589	0.459818008	2.110512991
6/02/2018	11:01:03	614	0.46	0.46	835.2	3	83.7	1105.3	27.23	13.851	100.11	392.01	0.089	Round3	1.092296222	0.295424135	0.4645791	1.717726939
6/02/2018	11:03:32	614	0.49	0.43	835.2	3	83.7	1105.3	27.57	13.383	100.12	416.02	0.094	Round3	1.092296222	0.295424135	0.490405859	1.813218366
6/02/2018	11:05:59	614	0.54	0.48	835.2	3	83.7	1105.3	27.56	13.063	100.13	387.24	0.104	Round3	1.092296222	0.295424135	0.542824936	2.007031778
6/02/2018	11:14:42	414	-0.41	-0.41	835.2	3	83.7	1105.3	28.01	13.924	100.07	742.29	-0.079	Round4	1.127066239	0.25101495	-0.411116366	NA
6/02/2018	11:17:11	414	0.09	0.09	835.2	3	83.7	1105.3	28.15	12.792	100.09	623.56	0.018	Round4	1.127066239	0.25101495	0.093754777	NA
6/02/2018	11:19:38	414	0.12	0.12	835.2	3	83.7	1105.3	28.47	12.422	100.11	465.46	0.022	Round4	1.127066239	0.25101495	0.114533383	NA
6/02/2018	11:24:19	413	0.37	0.22	835.2	3	83.7	1105.3	28.17	13.047	100.09	875.95	0.072	Round4	1.137966276	0.296951056	0.374897352	NA
6/02/2018	11:26:46	413	0.43	0.38	835.2	3	83.7	1105.3	28.25	12.749	100.09	716.04	0.082	Round4	1.137966276	0.296951056	0.426981983	NA
6/02/2018	11:29:13	413	0.65	0.51	835.2	3	83.7	1105.3	28.08	12.89	100.11	593.43	0.125	Round4	1.137966276	0.296951056	0.651291602	2.495858708
6/02/2018	11:33:01	417	0.75	0.53	835.2	3	83.7	1105.3	27.89	13.49	100.08	800.23	0.144	Round4	1.113145326	0.250434905	0.750080283	NA
6/02/2018	11:35:28	417	0.68	0.68	835.2	3	83.7	1105.3	28.02	12.836	100.11	473.04	0.131	Round4	1.113145326	0.250434905	0.682726926	3.034618064
6/02/2018	11:37:57	417	0.82	0.73	835.2	3	83.7	1105.3	28.16	12.68	100.11	393.94	0.158	Round4	1.113145326	0.250434905	0.823189101	3.658951215
6/02/2018	12:11:25	311	0.87	0.87	835.2	3	83.7	1105.3	29.28	12.043	100.03	387.95	0.167	Round3	1.091496826	0.108708925	0.866723531	8.702376394
6/02/2018	12:13:54	311	0.49	0.44	835.2	3	83.7	1105.3	29.7	12.277	100.04	387.74	0.094	Round3	1.091496826	0.108708925	0.487113089	4.89088077
6/02/2018	12:16:21	311	0.89	0.76	835.2	3	83.7	1105.3	29.42	12.51	100.05	387.65	0.172	Round3	1.091496826	0.108708925	0.892016844	8.956335036
6/02/2018	12:19:45	320	0.76	0.69	835.2	3	83.7	1105.3	29.61	12.232	100.07	391.05	0.147	Round3	1.098924462	0.295844874	0.762251635	2.831406057
6/02/2018	12:22:12	320	0.81	0.71	835.2	3	83.7	1105.3	29.58	12.362	100.05	387.45	0.156	Round3	1.098924462	0.295844874	0.808732127	3.004059207
6/02/2018	12:24:39	320	0.72	0.72	835.2	3	83.7	1105.3	30.11	12.553	100.06	388.83	0.138	Round3	1.098924462	0.295844874	0.714099819	2.652544724
6/02/2018	12:28:44	321	0.39	0.39	835.2	3	83.7	1105.3	30.57	12.452	100.03	399.43	0.075	Round3	1.143673612	0.295971231	0.387433374	1.497095934
6/02/2018	12:31:13	321	0.47	0.39	835.2	3	83.7	1105.3	30.71	12.488	100.04	388.93	0.091	Round3	1.143673612	0.295971231	0.469899083	1.815754795
6/02/2018	12:33:41	321	0.47	0.38	835.2	3	83.7	1105.3	30.82	12.623	100.04	391.65	0.09	Round3	1.143673612	0.295971231	0.46450367	1.794906175
6/02/2018	12:41:04	501	0.81	0.81	835.2	3	83.7	1105.3	30.93	12.154	99.99	539.84	0.158	Round4	1.131542215	0.250086945	0.815146595	3.688208448
6/02/2018	12:43:33	501	1.1	0.96	835.2	3	83.7	1105.3	31.75	12.454	100.01	391.2	0.214	Round4	1.131542215	0.250086945	1.100975829	4.981470059
6/02/2018	12:46:00	501	0.98	0.79	835.2	3	83.7	1105.3	32.28	12.578	100.01	504.72	0.191	Round4	1.131542215	0.250086945	0.980818335	4.437806024
6/02/2018	12:50:00	505	0.63	0.41	835.2	3	83.7	1105.3	32.41	12.837	100.01	454.13	0.123	Round4	1.126595083	0.250366095	0.631192138	2.840232656
6/02/2018	12:52:27	505	0.38	0.34	835.2	3	83.7	1105.3	31.62	12.578	100.01	599.8	0.073	Round4	1.126595083	0.250366095	0.375679542	1.690479395
6/02/2018	12:54:54	505	0.49	0.42	835.2	3	83.7	1105.3	31.31	12.408	100.02	491.59	0.095	Round4	1.126595083	0.250366095	0.489529028	2.202778281
6/02/2018	12:58:24	511	-0.58	-0.51	835.2	3	83.7	1105.3	31.21	12.594	100	772.34	-0.112	Round4	1.128317672	0.250359467	-0.577094431	NA
6/02/2018	13:00:52	511	0.41	0.41	835.2	3	83.7	1105.3	31.04	11.766	100.01	701.62	0.079	Round4	1.128317672	0.250359467	0.407667464	NA
6/02/2018	13:03:21	511	0.46	0.45	835.2	3	83.7	1105.3	31.13	12.551	100	458.02	0.09	Round4	1.128317672	0.250359467	0.46387872	2.090604218
6/02/2018	13:12:18	103	0.21	0.17	835.2	3	83.7	1105.3	30.72	12.147	99.98	417.49	0.04	Round4	1.088783141	0.296305551	0.206489653	0.758752081
6/02/2018	13:14:45	103	0.21	0.15	835.2	3	83.7	1105.3	30.51	11.548	99.98	389.01	0.04	Round4	1.088783141	0.296305551	0.206757749	0.759737205
6/02/2018	13:17:12	103	-0.05	-0.05	835.2	3	83.7	1105.3	30.7	11.802	99.99	592.15	-0.009	Round4	1.088783141	0.296305551	-0.046484106	NA
6/02/2018	13:20:52	111	0.45	0.45	835.2	3	83.7	1105.3	30.49	12.124	99.97	703.38	0.088	Round4	1.090931919	0.295363402	0.454586454	NA
6/02/2018	13:23:21	111	0.41	0.41	835.2	3	83.7	1105.3	30.89	11.895	99.96	825.46	0.08	Round4	1.090931919	0.295363402	0.412771099	NA
6/02/2018	13:25:50	111	0.73	0.65	835.2	3	83.7	1105.3	30.69	11.784	99.97	386.68	0.142	Round4	1.090931919	0.295363402	0.733306686	2.708486103
6/02/2018	13:29:56	119	0.84	0.65	835.2	3	83.7	1105.3	30.92	11.609	99.94	462.43	0.163	Round4	1.242602657	1.036386336	0.841013238	1.008354942
6/02/2018	13:32:23	119	1.24	1	835.2	3	83.7	1105.3	30.57	10.849	99.96	388.13	0.24	Round4	1.242602657	1.036386336	1.240930236	1.487845946
6/02/2018	13:34:50	119	0	0	835.2	3	83.7	1105.3	31.05	11.688	99.95	509.31	0.001	Round4	1.242602657	1.036386336	0.005157489	NA
6/02/2018	13:41:36	202	0.27	0.09	835.2	3	83.7	1105.3	31.27	11.046	99.95	388.11	0.052	Round4	1.082168402	0.108754297	0.268169712	NA
6/02/2018	13:44:03	202	0.14	0.11	835.2	3	83.7	1105.3	31.49	11.866	99.96	385.93	0.027	Round4	1.082168402	0.108754297	0.13903995	1.383528231
6/02/2018	13:46:30	202	0.1	0.1	835.2	3	83.7	1105.3	31.43	11.702	99.95	387.17	0.02	Round4	1.082168402	0.108754297	0.103019634	1.025105175
6/02/2018	13:50:11	207	0.75	0.26	835.2	3	83.7	1105.3	31.69	11.641	99.95	385.62	0.146	Round4	1.132609787	0.250060612	0.751448284	NA
6/02/2018	13:52:38	207	0.49	0.32	835.2	3	83.7	1105.3	32.25	11.711	99.96	386.14	0.095	Round4	1.132609787	0.250060612	0.488073756	2.210652482
6/02/2018	13:55:05	207	0.39	0.39	835.2	3	83.7	1105.3	32.31	11.468	99.96	385.54	0.077	Round4	1.132609787	0.250060612	0.395616168	1.791880537
6/02/2018	13:58:39	214	0.08	0.09	835.2	3	83.7	1105.3	32.02	11.288	99.94	386.24	0.015	Round4	1.118511897	0.250696463	0.077139931	NA
6/02/2018	14:01:04	214	0.77	0.18	835.2	3	83.7	1105.3	31.27	11.165	99.94	385.9	0.149	Round4	1.118511897	0.250696463	0.768240036	NA
6/02/2018	14:03:28	214	0.17	0.07	835.2	3	83.7	1105.3	31.53	11.538	99.94	386.18	0.033	Round4	1.118511897	0.250696463	0.1699378	NA
6/02/2018	14:09:46	610	0.27	0.22	835.2	3	83.7	1105.3	31.61	11.566	99.9	387.15	0.053	Round4	1.268541474	1.042378087	0.272741825	0.331918257
6/02/2018	14:12:14	610	0.43	0.24	835.2	3	83.7	1105.3	31.84	11.688	99.91	387.17	0.084	Round4	1.268541474	1.042378087	0.431933997	NA
6/02/2018	14:14:43	610	0.27	0.24	835.2	3	83.7	1105.3	31.51	11.531	99.9	386.73	0.053	Round4	1.268541474	1.042378087	0.27284101	0.332038961
6/02/2018	14:18:33	612	0.51	0.47	835.2	3	83.7	1105.3	31.39	11.375	99.89	385.81	0.099	Round4	1.147001855	0.249897589	0.509876654	2.340276552
6/02/2018	14:21:00	612	0.47	0.46	835.2	3	83.7	1105.3	31.38	11.45	99.9	388.05	0.091	Round4	1.147001855	0.249897589	0.468701251	2.151286079
6/02/2018	14:23:27	612	0.49	0.48	835.2	3	83.7	1105.3	31.52	11.47	99.9	386.11	0.096	Round4	1.147001855	0.249897589	0.49421686	2.268399855
6/02/2018	14:26:53	614	0.68	0.64	835.2	3	83.7	1105.3	31.33	11.101	99.89	385.59	0.133	Round4	1.092296222	0.295424135	0.685310672	2.533856139
6/02/2018	14:29:20	614	0.67	0.67	835.2	3	83.7	1105.3	31.62	11.237	99.88	387.72	0.13	Round4	1.092296222	0.295424135	0.669056126	2.473756854
6/02/2018	14:31:49	614	0.66	0.66	835.2	3	83.7	1105.3	31.79	11.109	99.87	388.23	0.127	Round4	1.092296222	0.295424135	0.653271141	2.415393717
6/02/2018	14:42:18	311	2.22	0.71	835.2	3	83.7	1105.3	32.83	10.587	99.84	392.02	0.433	Round4	1.091496826	0.108708925	2.220228713	22.29230575
6/02/2018	14:44:45	311	1.51	0.85	835.2	3	83.7	1105.3	32.83	10.894	99.85	399.68	0.295	Round4	1.091496826	0.108708925	1.512309065	15.18440684
6/02/2018	14:47:14	311	0.39	0.3	835.2	3	83.7	1105.3	32.77	11.497	99.83	385.64	0.076	Round4	1.091496826	0.108708925	0.389372664	3.909513658
6/02/2018	14:51:01	320	0.88	0.83	835.2	3	83.7	1105.3	32.93	11.881	99.84	388.15	0.173	Round4	1.098924462	0.295844874	0.885616394	3.28964807
6/02/2018	14:53:28	320	0.82	0.82	835.2	3	83.7	1105.3	32.71	11.664	99.84	385.75	0.159	Round4	1.098924462	0.295844874	0.814712353	3.026272932
6/02/2018	14:55:57	320	0.85	0.84	835.2	3	83.7	1105.3	32.94	11.933	99.84	388.31	0.166	Round4	1.098924462	0.295844874	0.849709723	3.15627169
6/02/2018	14:59:42	321	0.58	0.46	835.2	3	83.7	1105.3	33.43	11.846	99.8	385.13	0.114	Round4	1.143673612	0.295971231	0.582420804	2.250554228
6/02/2018	15:02:09	321	0.52	0.47	835.2	3	83.7	1105.3	34.84	11.933	99.81	385.48	0.103	Round4	1.143673612	0.295971231	0.523819586	2.024111048
6/02/2018	15:04:36	321	0.49	0.49	835.2	3	83.7	1105.3	34.89	11.798	99.8	384.79	0.097	Round4	1.143673612	0.295971231	0.493243719	1.905961683
7/02/2018	8:40:11	202	0.12	0.11	835.2	3	83.7	1105.3	22.61	13.678	100.19	403.55	0.024	Round5	1.082168402	0.108754297	0.12736074	1.267313317
7/02/2018	8:42:38	202	0.1	0.08	835.2	3	83.7	1105.3	22.4	13.661	100.21	398.74	0.019	Round5	1.082168402	0.108754297	0.100920776	1.004220315
7/02/2018	8:45:05	202	0.13	0.1	835.2	3	83.7	1105.3	22.26	13.884	100.21	400.76	0.025	Round5	1.082168402	0.108754297	0.132823389	1.321669845
7/02/2018	8:48:25	207	0.37	0.24	835.2	3	83.7	1105.3	22.15	13.844	100.2	400.46	0.07	Round5	1.132609787	0.250060612	0.372021989	1.685014454
7/02/2018	8:50:52	207	0.37	0.24	835.2	3	83.7	1105.3	22.22	13.949	100.21	421.5	0.069	Round5	1.132609787	0.250060612	0.366618032	1.660538091
7/02/2018	8:53:19	207	0.33	0.28	835.2	3	83.7	1105.3	22.53	13.928	100.2	400.98	0.063	Round5	1.132609787	0.250060612	0.334361006	1.514435017
7/02/2018	8:57:24	214	0.41	0.28	835.2	3	83.7	1105.3	22.33	13.946	100.2	399.85	0.078	Round5	1.118511897	0.250696463	0.414243409	1.848195925
7/02/2018	8:59:51	214	0.39	0.32	835.2	3	83.7	1105.3	22.37	13.877	100.22	397.17	0.073	Round5	1.118511897	0.250696463	0.387741372	1.729953955
7/02/2018	9:02:19	214	0.38	0.31	835.2	3	83.7	1105.3	22.41	13.932	100.22	396.05	0.072	Round5	1.118511897	0.250696463	0.382356763	1.705929886
7/02/2018	9:09:22	610	0.39	0.25	835.2	3	83.7	1105.3	22.96	14.048	100.17	395.52	0.073	Round5	1.268541474	1.042378087	0.386708667	0.470612333
7/02/2018	9:11:49	610	0.34	0.3	835.2	3	83.7	1105.3	23.35	14.185	100.2	395.54	0.064	Round5	1.268541474	1.042378087	0.338640654	0.412115066
7/02/2018	9:14:17	610	0.43	0.29	835.2	3	83.7	1105.3	23.55	14.004	100.2	396.45	0.081	Round5	1.268541474	1.042378087	0.42838181	0.521327241
7/02/2018	9:18:25	612	0.4	0.31	835.2	3	83.7	1105.3	23.96	14.093	100.21	393.2	0.076	Round5	1.147001855	0.249897589	0.401387653	1.842324228
7/02/2018	9:20:52	612	0.49	0.33	835.2	3	83.7	1105.3	24.61	14.296	100.21	391.91	0.092	Round5	1.147001855	0.249897589	0.484729808	2.224855353
7/02/2018	9:23:19	612	0.42	0.37	835.2	3	83.7	1105.3	24.62	14.123	100.22	391.1	0.08	Round5	1.147001855	0.249897589	0.421606069	1.935124483
7/02/2018	9:27:14	614	26.35	0.11	835.2	3	83.7	1105.3	24.85	14.251	100.22	388.88	5.003	Round5	1.092296222	0.295424135	26.3424192	NA
7/02/2018	9:29:37	614	0.05	0.06	835.2	3	83.7	1105.3	25.01	14.403	100.22	388.3	0.009	Round5	1.092296222	0.295424135	0.047355189	NA
7/02/2018	9:32:00	614	1.02	0.14	835.2	3	83.7	1105.3	25.31	14.507	100.24	389.45	0.195	Round5	1.092296222	0.295424135	1.025094144	NA
7/02/2018	9:54:05	103	0.05	0.05	835.2	3	83.7	1105.3	25.33	14.722	100.19	439.55	0.009	Round5	1.088783141	0.296305551	0.047274953	NA
7/02/2018	9:56:32	103	0.13	0.13	835.2	3	83.7	1105.3	25.18	14.727	100.21	417.24	0.025	Round5	1.088783141	0.296305551	0.131410903	0.482873085
7/02/2018	9:59:00	103	0.15	0.13	835.2	3	83.7	1105.3	25.44	14.873	100.23	413.85	0.029	Round5	1.088783141	0.296305551	0.152311735	0.559673786
7/02/2018	10:02:51	111	0.71	0.48	835.2	3	83.7	1105.3	25.17	14.67	100.21	420.12	0.135	Round5	1.090931919	0.295363402	0.709683716	2.62123409
7/02/2018	10:05:17	111	0.48	0.48	835.2	3	83.7	1105.3	25.19	14.629	100.23	403.74	0.092	Round5	1.090931919	0.295363402	0.483720533	1.786633571
7/02/2018	10:07:46	111	0.45	0.45	835.2	3	83.7	1105.3	25.28	14.726	100.22	525.88	0.085	Round5	1.090931919	0.295363402	0.446692378	1.649869177
7/02/2018	10:11:33	119	0.83	0.57	835.2	3	83.7	1105.3	25.52	14.665	100.21	408.97	0.157	Round5	1.242602657	1.036386336	0.824372881	0.988403548
7/02/2018	10:13:59	119	0.66	0.59	835.2	3	83.7	1105.3	25.74	14.483	100.22	436.08	0.125	Round5	1.242602657	1.036386336	0.656051331	0.786589999
7/02/2018	10:16:25	119	0.42	0.36	835.2	3	83.7	1105.3	25.99	14.725	100.22	489.79	0.081	Round5	1.242602657	1.036386336	0.424661672	0.509159281
7/02/2018	10:30:28	311	1.01	0.87	835.2	3	83.7	1105.3	26	13.569	100.19	386.6	0.192	Round5	1.091496826	0.108708925	1.007451121	10.11535806
7/02/2018	10:32:55	311	0.67	0.66	835.2	3	83.7	1105.3	26.42	12.797	100.21	386.14	0.128	Round5	1.091496826	0.108708925	0.671351329	6.740733061
7/02/2018	10:35:22	311	0.77	0.61	835.2	3	83.7	1105.3	26.55	13.643	100.22	386.78	0.147	Round5	1.091496826	0.108708925	0.770087006	7.732093044
7/02/2018	10:39:08	320	0.8	0.64	835.2	3	83.7	1105.3	26.53	13.922	100.22	390.9	0.152	Round5	1.098924462	0.295844874	0.796108333	2.957167756
7/02/2018	10:41:34	320	0.86	0.69	835.2	3	83.7	1105.3	26.86	13.406	100.23	390.15	0.164	Round5	1.098924462	0.295844874	0.858548812	3.189104744
7/02/2018	10:44:00	320	0.77	0.66	835.2	3	83.7	1105.3	26.93	13.314	100.23	390.91	0.147	Round5	1.098924462	0.295844874	0.769445128	2.858126497
7/02/2018	10:48:08	321	0.46	0.3	835.2	3	83.7	1105.3	27.24	13.517	100.19	393.41	0.088	Round5	1.143673612	0.295971231	0.459866589	1.776987854
7/02/2018	10:50:34	321	0.35	0.35	835.2	3	83.7	1105.3	27.68	13.613	100.21	390.53	0.067	Round5	1.143673612	0.295971231	0.349649358	1.35109329
7/02/2018	10:53:02	321	0.38	0.36	835.2	3	83.7	1105.3	27.86	13.836	100.2	390.58	0.072	Round5	1.143673612	0.295971231	0.375395544	1.450580099
7/02/2018	11:00:52	414	0.31	0.31	835.2	3	83.7	1105.3	27.73	13.234	100.18	450.99	0.06	Round5	1.127066239	0.25101495	0.313093325	1.405800396
7/02/2018	11:03:28	414	0.42	0.42	835.2	3	83.7	1105.3	27.88	13.615	100.2	895.19	0.08	Round5	1.127066239	0.25101495	0.417171915	NA
7/02/2018	11:06:03	414	0.33	0.33	835.2	3	83.7	1105.3	27.94	13.183	100.19	564.51	0.063	Round5	1.127066239	0.25101495	0.328568474	1.475284379
7/02/2018	11:09:29	413	1.26	0.68	835.2	3	83.7	1105.3	28.07	13.492	100.17	574.98	0.241	Round5	1.137966276	0.296951056	1.255718226	4.812122956
7/02/2018	11:12:05	413	0.6	0.58	835.2	3	83.7	1105.3	28.39	13.517	100.19	408.08	0.115	Round5	1.137966276	0.296951056	0.598670097	2.294204271
7/02/2018	11:14:39	413	-0.07	-0.07	835.2	3	83.7	1105.3	28.07	13.205	100.18	1058.99	-0.014	Round5	1.137966276	0.296951056	-0.072974793	NA
7/02/2018	11:18:00	417	0.57	0.49	835.2	3	83.7	1105.3	28.46	13.442	100.18	910.22	0.109	Round5	1.113145326	0.250434905	0.567289944	NA
7/02/2018	11:20:35	417	0.84	0.75	835.2	3	83.7	1105.3	28.33	13.345	100.18	430.62	0.161	Round5	1.113145326	0.250434905	0.838367419	3.726416545
7/02/2018	11:23:08	417	0.88	0.78	835.2	3	83.7	1105.3	28.77	13.423	100.17	402.91	0.168	Round5	1.113145326	0.250434905	0.87338702	3.882073385
7/02/2018	11:29:35	501	0.99	0.69	835.2	3	83.7	1105.3	29.55	13.661	100.16	603.08	0.191	Round5	1.131542215	0.250086945	0.99006143	NA
7/02/2018	11:32:09	501	2.02	1.32	835.2	3	83.7	1105.3	29.28	13.241	100.16	397.62	0.389	Round5	1.131542215	0.250086945	2.019067406	NA
7/02/2018	11:34:45	501	1.01	1.01	835.2	3	83.7	1105.3	29.05	13.213	100.18	484.75	0.194	Round5	1.131542215	0.250086945	1.007934686	4.56049654
7/02/2018	11:38:53	505	0.37	0.28	835.2	3	83.7	1105.3	29.51	13.159	100.18	475.75	0.072	Round5	1.126595083	0.250366095	0.373530746	1.680810261
7/02/2018	11:41:26	505	0.72	0.49	835.2	3	83.7	1105.3	29.8	13.183	100.18	417.09	0.139	Round5	1.126595083	0.250366095	0.720414039	NA
7/02/2018	11:44:01	505	0.43	0.43	835.2	3	83.7	1105.3	29.85	12.944	100.19	386.54	0.082	Round5	1.126595083	0.250366095	0.425067663	1.912715614
7/02/2018	11:48:12	511	1.03	0.34	835.2	3	83.7	1105.3	30.14	13.094	100.17	420.19	0.199	Round5	1.128317672	0.250359467	1.030217974	4.642976596
7/02/2018	11:50:46	511	-3.07	-3.07	835.2	3	83.7	1105.3	30.51	13.048	100.17	1052.93	-0.594	Round5	1.128317672	0.250359467	-3.071519216	NA
7/02/2018	11:53:22	511	-1.35	-1.35	835.2	3	83.7	1105.3	30.6	12.928	100.16	732.54	-0.261	Round5	1.128317672	0.250359467	-1.349236382	NA
7/02/2018	12:22:15	202	0.16	0.09	835.2	3	83.7	1105.3	31.84	12.128	100.08	386.72	0.031	Round6	1.082168402	0.108754297	0.159604356	1.588156017
7/02/2018	12:24:47	202	0.15	0.12	835.2	3	83.7	1105.3	32.37	12.019	100.11	386.09	0.03	Round6	1.082168402	0.108754297	0.154251124	1.534888249
7/02/2018	12:27:19	202	0.15	0.11	835.2	3	83.7	1105.3	32.03	11.9	100.12	386.65	0.029	Round6	1.082168402	0.108754297	0.149308435	1.485705623
7/02/2018	12:31:45	207	0.41	0.36	835.2	3	83.7	1105.3	31.29	12.078	100.11	386.95	0.079	Round6	1.132609787	0.250060612	0.407611258	1.84621039
7/02/2018	12:34:17	207	0.3	0.3	835.2	3	83.7	1105.3	31.37	12.119	100.12	386.78	0.058	Round6	1.132609787	0.250060612	0.299197748	1.355168632
7/02/2018	12:36:51	207	0.43	0.36	835.2	3	83.7	1105.3	31.03	11.658	100.12	386.67	0.082	Round6	1.132609787	0.250060612	0.423674146	1.91896469
7/02/2018	12:40:28	214	0.36	0.36	835.2	3	83.7	1105.3	30.99	11.556	100.09	386.42	0.07	Round6	1.118511897	0.250696463	0.361649552	1.613542216
7/02/2018	12:43:02	214	0.4	0.37	835.2	3	83.7	1105.3	30.94	11.671	100.09	386.79	0.078	Round6	1.118511897	0.250696463	0.403000297	1.798033452
7/02/2018	12:45:34	214	0.37	0.37	835.2	3	83.7	1105.3	30.41	11.64	100.08	386.14	0.071	Round6	1.118511897	0.250696463	0.367448887	1.639416634
7/02/2018	12:53:01	103	0.15	0.09	835.2	3	83.7	1105.3	31.18	11.609	100.06	386.24	0.029	Round6	1.088783141	0.296305551	0.149679797	0.550002656
7/02/2018	12:55:32	103	0.13	0.07	835.2	3	83.7	1105.3	31.36	11.892	100.08	545.64	0.025	Round6	1.088783141	0.296305551	0.128946879	0.47381896
7/02/2018	12:58:04	103	0.53	0.12	835.2	3	83.7	1105.3	31.39	11.941	100.07	387.82	0.102	Round6	1.088783141	0.296305551	0.525972794	NA
7/02/2018	13:01:53	111	0.77	0.77	835.2	3	83.7	1105.3	31.03	11.491	100.05	393.89	0.149	Round6	1.090931919	0.295363402	0.769438668	2.841940459
7/02/2018	13:04:25	111	0.74	0.63	835.2	3	83.7	1105.3	30.93	11.608	100.06	401.77	0.144	Round6	1.090931919	0.295363402	0.743849422	2.747425956
7/02/2018	13:06:57	111	0.66	0.57	835.2	3	83.7	1105.3	31.08	11.63	100.07	467.64	0.128	Round6	1.090931919	0.295363402	0.660924819	2.441141917
7/02/2018	13:11:37	119	-2.26	-2.26	835.2	3	83.7	1105.3	30.73	12.048	100.04	990.64	-0.438	Round6	1.242602657	1.036386336	-2.262570887	NA
7/02/2018	13:14:11	119	1.02	0.85	835.2	3	83.7	1105.3	31.07	11.946	100.05	402.08	0.197	Round6	1.242602657	1.036386336	1.016709571	1.219010682
7/02/2018	13:16:43	119	1.41	0.88	835.2	3	83.7	1105.3	30.57	11.782	100.05	421.05	0.273	Round6	1.242602657	1.036386336	1.411496427	1.692350767
7/02/2018	13:24:38	610	0.3	0.24	835.2	3	83.7	1105.3	31.39	11.764	100.01	386.37	0.058	Round6	1.268541474	1.042378087	0.29895679	0.363821047
7/02/2018	13:27:10	610	0.33	0.26	835.2	3	83.7	1105.3	31.5	11.592	100.01	386.49	0.063	Round6	1.268541474	1.042378087	0.324668175	0.395110998
7/02/2018	13:29:42	610	0.36	0.27	835.2	3	83.7	1105.3	31.58	11.292	100.02	386.15	0.07	Round6	1.268541474	1.042378087	0.360793248	0.439074079
7/02/2018	13:33:07	612	0.78	0.49	835.2	3	83.7	1105.3	31.22	11.429	99.99	385.74	0.151	Round6	1.147001855	0.249897589	0.778861455	NA
7/02/2018	13:35:40	612	0.41	0.46	835.2	3	83.7	1105.3	31.2	11.816	100.01	432.57	0.079	Round6	1.147001855	0.249897589	0.407432533	1.87006955
7/02/2018	13:38:13	612	0.43	0.43	835.2	3	83.7	1105.3	31.01	11.825	100	433.16	0.084	Round6	1.147001855	0.249897589	0.43344273	1.989453429
7/02/2018	13:42:46	614	0.61	0.61	835.2	3	83.7	1105.3	31.49	11.988	99.99	387.56	0.118	Round6	1.092296222	0.295424135	0.607763399	2.247134159
7/02/2018	13:45:20	614	0.62	0.6	835.2	3	83.7	1105.3	31.25	11.586	100	387.05	0.121	Round6	1.092296222	0.295424135	0.624022551	2.307250472
7/02/2018	13:47:52	614	0.66	0.59	835.2	3	83.7	1105.3	31.21	11.452	100	389.24	0.128	Round6	1.092296222	0.295424135	0.66029929	2.441379475
7/02/2018	13:56:09	311	0.96	0.84	835.2	3	83.7	1105.3	31.52	11.341	99.97	386.66	0.186	Round6	1.091496826	0.108708925	0.958341162	9.622267323
7/02/2018	13:58:41	311	0.56	0.56	835.2	3	83.7	1105.3	32.15	11.245	99.98	388	0.109	Round6	1.091496826	0.108708925	0.560560114	5.62832891
7/02/2018	14:01:15	311	1.5	0.63	835.2	3	83.7	1105.3	31.64	10.937	99.99	387.03	0.292	Round6	1.091496826	0.108708925	1.504815776	15.10917014
7/02/2018	14:04:45	320	0.76	0.76	835.2	3	83.7	1105.3	31.66	11.108	99.96	386.32	0.148	Round6	1.098924462	0.295844874	0.76230416	2.831601161
7/02/2018	14:07:20	320	0.86	0.83	835.2	3	83.7	1105.3	31.93	11.322	99.97	389.18	0.167	Round6	1.098924462	0.295844874	0.859306249	3.191918267
7/02/2018	14:09:51	320	0.82	0.82	835.2	3	83.7	1105.3	32.13	11.341	99.97	396.83	0.159	Round6	1.098924462	0.295844874	0.817590171	3.036962671
7/02/2018	14:13:19	321	0.49	0.4	835.2	3	83.7	1105.3	32.26	11.084	99.96	388.53	0.096	Round6	1.143673612	0.295971231	0.493508123	1.906983376
7/02/2018	14:15:52	321	0.42	0.42	835.2	3	83.7	1105.3	32.44	11.126	99.94	387.13	0.082	Round6	1.143673612	0.295971231	0.421187711	1.627527343
7/02/2018	14:18:26	321	0.45	0.41	835.2	3	83.7	1105.3	32.96	11.421	99.93	389.08	0.087	Round6	1.143673612	0.295971231	0.445933067	1.723146806
7/02/2018	14:30:17	414	0.54	0.49	835.2	3	83.7	1105.3	32.38	10.991	99.92	506.26	0.106	Round6	1.127066239	0.25101495	0.544534435	2.444979382
7/02/2018	14:32:50	414	0.15	0.15	835.2	3	83.7	1105.3	32.64	11.214	99.9	603.28	0.029	Round6	1.127066239	0.25101495	0.148786384	NA
7/02/2018	14:35:23	414	0.38	0.28	835.2	3	83.7	1105.3	33.11	11.12	99.9	499.73	0.074	Round6	1.127066239	0.25101495	0.3791152	1.702241013
7/02/2018	14:39:36	413	0.7	0.57	835.2	3	83.7	1105.3	33.36	11.275	99.9	395.72	0.136	Round6	1.137966276	0.296951056	0.696074843	2.667475602
7/02/2018	14:42:08	413	0	-0.13	835.2	3	83.7	1105.3	33.78	11.274	99.89	1167.01	0	Round6	1.137966276	0.296951056	0	NA
7/02/2018	14:44:41	413	0.28	0.28	835.2	3	83.7	1105.3	33.68	11.018	99.9	859.52	0.055	Round6	1.137966276	0.296951056	0.281280366	NA
7/02/2018	14:48:09	417	0.87	0.82	835.2	3	83.7	1105.3	33.37	11.03	99.9	413.87	0.17	Round6	1.113145326	0.250434905	0.870280764	3.868266547
7/02/2018	14:50:41	417	0.64	0.64	835.2	3	83.7	1105.3	33.15	10.979	99.9	695.23	0.125	Round6	1.113145326	0.250434905	0.640404967	NA
7/02/2018	14:53:14	417	0.88	0.88	835.2	3	83.7	1105.3	32.94	11.097	99.89	395.74	0.172	Round6	1.113145326	0.250434905	0.881608334	3.918615885
7/02/2018	15:00:32	501	1.23	1.04	835.2	3	83.7	1105.3	32.79	11.017	99.86	603.04	0.24	Round6	1.131542215	0.250086945	1.2304842	NA
7/02/2018	15:03:04	501	1.24	1.15	835.2	3	83.7	1105.3	33.02	11.233	99.87	446.98	0.242	Round6	1.131542215	0.250086945	1.239659518	5.608957625
7/02/2018	15:05:36	501	1.25	1.25	835.2	3	83.7	1105.3	33.1	11.312	99.86	452.42	0.244	Round6	1.131542215	0.250086945	1.249353184	5.652817539
7/02/2018	15:10:04	505	0.62	0.58	835.2	3	83.7	1105.3	33.27	11.284	99.86	484.47	0.121	Round6	1.126595083	0.250366095	0.619230102	2.786405996
7/02/2018	15:12:36	505	0.57	0.52	835.2	3	83.7	1105.3	33.01	11.297	99.85	499.66	0.112	Round6	1.126595083	0.250366095	0.573593431	2.581050516
7/02/2018	15:15:08	505	0.64	0.54	835.2	3	83.7	1105.3	32.7	11.145	99.86	391.54	0.126	Round6	1.126595083	0.250366095	0.646110665	2.907362911
7/02/2018	15:21:04	511	-0.18	-0.18	835.2	3	83.7	1105.3	32.34	11.24	99.86	845.62	-0.035	Round6	1.128317672	0.250359467	-0.179669422	NA
7/02/2018	15:23:36	511	0.47	0.4	835.2	3	83.7	1105.3	32.31	11.361	99.85	414.57	0.091	Round6	1.128317672	0.250359467	0.467082426	2.105042647
7/02/2018	15:26:10	511	0.56	0.56	835.2	3	83.7	1105.3	32.48	11.223	99.86	420.34	0.108	Round6	1.128317672	0.250359467	0.554164072	2.497501384
